========================================================
      ID     |     Math    |   English   |   Science   |
========================================================
       1     |      30     |      16     |      55     |
--------------------------------------------------------
       2     |      45     |       2     |      22     |
--------------------------------------------------------
       3     |      40     |       4     |      71     |
--------------------------------------------------------
       4     |      45     |      80     |      27     |
--------------------------------------------------------
       5     |      32     |      31     |      69     |
--------------------------------------------------------
       6     |      48     |      75     |      52     |
--------------------------------------------------------
       7     |      49     |      17     |      26     |
--------------------------------------------------------
       8     |      50     |      96     |      11     |
--------------------------------------------------------
       9     |      98     |      69     |      74     |
--------------------------------------------------------
      10     |      35     |       2     |      90     |
--------------------------------------------------------
      11     |      11     |      82     |      37     |
--------------------------------------------------------
      12     |      86     |      63     |      12     |
--------------------------------------------------------
      13     |      76     |      70     |      51     |
--------------------------------------------------------
      14     |      48     |      50     |      57     |
--------------------------------------------------------
      15     |      13     |      12     |      65     |
--------------------------------------------------------
      16     |      52     |       7     |      23     |
--------------------------------------------------------
      17     |      26     |      86     |      91     |
--------------------------------------------------------
      18     |      46     |      31     |      88     |
--------------------------------------------------------
      19     |       6     |      51     |      68     |
--------------------------------------------------------
      20     |      82     |      82     |      30     |
--------------------------------------------------------
      21     |      95     |      18     |      36     |
--------------------------------------------------------
      22     |      34     |      89     |      40     |
--------------------------------------------------------
      23     |      38     |      88     |      46     |
--------------------------------------------------------
      24     |      32     |      33     |      34     |
--------------------------------------------------------
      25     |      14     |      24     |      43     |
--------------------------------------------------------
      26     |      59     |      81     |      33     |
--------------------------------------------------------
      27     |      19     |      73     |       8     |
--------------------------------------------------------
      28     |      67     |      56     |       7     |
--------------------------------------------------------
      29     |      37     |      59     |      47     |
--------------------------------------------------------
      30     |       9     |      33     |      49     |
--------------------------------------------------------
